#  1... normalni
#  2... ukotveni
#  3... zavazi
#  4... nesmi se hybat
#  5... zavazi + nesmi se hybat
matrix = [
1 1 1 1 1 1 1;
1 1 1 1 1 1 5;
4 1 0 0 0 0 0;
1 1 0 0 0 0 0;
4 1 0 0 0 0 0;
1 1 0 0 0 0 0;
2 2 0 0 0 0 0];
