positions = [0,0;1,0; 0,1;1,1;2,1;3,1; 0,2;1,2;2,2;3,2];
incidence = [1,3; 1,4; 2,3; 2,4;  3,4; 4,5; 5,6;  3,7; 3,8; 4,7; 4,8; 4,9; 5,8; 5,9; 5,10; 6,9; 6,10;  7,8; 8,9; 9,10];
